pretrain = 6000
train = 17000
Com pré treino:
	FASTTEXT
	    RESULTS: 60 PRETRAIN EPOCH, 300 TRAIN EPOCH
	     Pearson: 0.741721
	     Spearman: 0.750257
	     MSE: 1.254709'

	GLOVE
	    RESULTS: 60 PRETRAIN EPOCH, 300 TRAIN EPOCH
	     Pearson: 0.717293
	     Spearman: 0.721134
	     MSE: 1.379435

	WORD2VEC
	    RESULTS: 60 PRETRAIN EPOCH, 300 TRAIN EPOCH
	    Pearson: 0.729370
	    Spearman: 0.734788
	    MSE: 1.334618


Sem pré treino:

    word2vec:
        RESULTS: 300 TRAIN EPOCH
        Pearson: 0.719013
        Spearman: 0.726225
        MSE: 1.368693
        [   2.03743482  2.30365133  1.78164852  1.83880079  0.79304051  2.66779542
            3.80173731  4.11331081  1.02835596  2.60663891  2.00781345  1.05646658
            3.35274601  0.73224968  3.2493279   1.7785778   0.98066264  0.78196263
            3.4478693   0.83077365]
        [   4.    2.6   1.2   1.2   0.    1.2   5.    5.    3.8   2.6   1.8   0.    3.
            3.    3.6   2.4   0.2   3.6   4.25  0.4 ]






