RESULTS: 60 PRETRAIN EPOCH, 300 TRAIN EPOCH
 Pearson: 0.741721
 Spearman: 0.750257
 MSE: 1.254709

